<!DOCTYPE html>
<html>
<head>
    <title>Machine Vision Project</title>
    <link rel="stylesheet" href="style.css">
    <style>
       
    </style>
</head>
<body>
    <nav> 
        <div class="wrapper">           
            <ul>
                <li><a href="index.html">Home</a></li>
                <li><a href="table.html">Table</a></li>
                <li><a href="result.html">Result</a></li>
                <li><a href="https://github.com/yk60/Machine-Vision-Project" target="_blank">GitHub<div></div>
                </a></li>
            </ul>
        </div>           
    </nav>

    <div class="wrapper">
    <h2>Cosine Similarity Results</h2>   
    <!-- Start of table --><table id="cos_similarity_table"><thead></thead><tbody><tr><td></td><td><img src="MNIST/trainingSample/trainingSample\0/img_1.jpg" alt="Image"></td><td><img src="MNIST/trainingSample/trainingSample\0/img_108.jpg" alt="Image"></td><td><img src="MNIST/trainingSample/trainingSample\0/img_110.jpg" alt="Image"></td><td><img src="MNIST/trainingSample/trainingSample\0/img_111.jpg" alt="Image"></td><td><img src="MNIST/trainingSample/trainingSample\0/img_114.jpg" alt="Image"></td><td><img src="MNIST/trainingSample/trainingSample\0/img_129.jpg" alt="Image"></td><td><img src="MNIST/trainingSample/trainingSample\0/img_141.jpg" alt="Image"></td><td><img src="MNIST/trainingSample/trainingSample\0/img_146.jpg" alt="Image"></td><td><img src="MNIST/trainingSample/trainingSample\0/img_149.jpg" alt="Image"></td><td><img src="MNIST/trainingSample/trainingSample\0/img_153.jpg" alt="Image"></td><td><img src="MNIST/trainingSample/trainingSample\0/img_157.jpg" alt="Image"></td><td><img src="MNIST/trainingSample/trainingSample\0/img_17.jpg" alt="Image"></td><td><img src="MNIST/trainingSample/trainingSample\0/img_183.jpg" alt="Image"></td><td><img src="MNIST/trainingSample/trainingSample\0/img_188.jpg" alt="Image"></td><td><img src="MNIST/trainingSample/trainingSample\0/img_193.jpg" alt="Image"></td><td><img src="MNIST/trainingSample/trainingSample\0/img_195.jpg" alt="Image"></td><td><img src="MNIST/trainingSample/trainingSample\0/img_196.jpg" alt="Image"></td><td><img src="MNIST/trainingSample/trainingSample\0/img_200.jpg" alt="Image"></td><td><img src="MNIST/trainingSample/trainingSample\0/img_201.jpg" alt="Image"></td><td><img src="MNIST/trainingSample/trainingSample\0/img_203.jpg" alt="Image"></td><td><img src="MNIST/trainingSample/trainingSample\0/img_204.jpg" alt="Image"></td><td><img src="MNIST/trainingSample/trainingSample\0/img_23.jpg" alt="Image"></td><td><img src="MNIST/trainingSample/trainingSample\0/img_248.jpg" alt="Image"></td><td><img src="MNIST/trainingSample/trainingSample\0/img_251.jpg" alt="Image"></td><td><img src="MNIST/trainingSample/trainingSample\0/img_260.jpg" alt="Image"></td><td><img src="MNIST/trainingSample/trainingSample\0/img_264.jpg" alt="Image"></td><td><img src="MNIST/trainingSample/trainingSample\0/img_267.jpg" alt="Image"></td><td><img src="MNIST/trainingSample/trainingSample\0/img_272.jpg" alt="Image"></td><td><img src="MNIST/trainingSample/trainingSample\0/img_273.jpg" alt="Image"></td><td><img src="MNIST/trainingSample/trainingSample\0/img_276.jpg" alt="Image"></td><td><img src="MNIST/trainingSample/trainingSample\0/img_279.jpg" alt="Image"></td><td><img src="MNIST/trainingSample/trainingSample\0/img_285.jpg" alt="Image"></td><td><img src="MNIST/trainingSample/trainingSample\0/img_286.jpg" alt="Image"></td><td><img src="MNIST/trainingSample/trainingSample\0/img_288.jpg" alt="Image"></td><td><img src="MNIST/trainingSample/trainingSample\0/img_292.jpg" alt="Image"></td><td><img src="MNIST/trainingSample/trainingSample\0/img_322.jpg" alt="Image"></td><td><img src="MNIST/trainingSample/trainingSample\0/img_327.jpg" alt="Image"></td><td><img src="MNIST/trainingSample/trainingSample\0/img_344.jpg" alt="Image"></td><td><img src="MNIST/trainingSample/trainingSample\0/img_357.jpg" alt="Image"></td><td><img src="MNIST/trainingSample/trainingSample\0/img_366.jpg" alt="Image"></td><td><img src="MNIST/trainingSample/trainingSample\0/img_373.jpg" alt="Image"></td><td><img src="MNIST/trainingSample/trainingSample\0/img_375.jpg" alt="Image"></td><td><img src="MNIST/trainingSample/trainingSample\0/img_4.jpg" alt="Image"></td><td><img src="MNIST/trainingSample/trainingSample\0/img_403.jpg" alt="Image"></td><td><img src="MNIST/trainingSample/trainingSample\0/img_404.jpg" alt="Image"></td><td><img src="MNIST/trainingSample/trainingSample\0/img_412.jpg" alt="Image"></td><td><img src="MNIST/trainingSample/trainingSample\0/img_418.jpg" alt="Image"></td><td><img src="MNIST/trainingSample/trainingSample\0/img_433.jpg" alt="Image"></td><td><img src="MNIST/trainingSample/trainingSample\0/img_435.jpg" alt="Image"></td><td><img src="MNIST/trainingSample/trainingSample\0/img_472.jpg" alt="Image"></td><td><img src="MNIST/trainingSample/trainingSample\0/img_486.jpg" alt="Image"></td><td><img src="MNIST/trainingSample/trainingSample\0/img_5.jpg" alt="Image"></td><td><img src="MNIST/trainingSample/trainingSample\0/img_502.jpg" alt="Image"></td><td><img src="MNIST/trainingSample/trainingSample\0/img_508.jpg" alt="Image"></td><td><img src="MNIST/trainingSample/trainingSample\0/img_538.jpg" alt="Image"></td><td><img src="MNIST/trainingSample/trainingSample\0/img_54.jpg" alt="Image"></td><td><img src="MNIST/trainingSample/trainingSample\0/img_542.jpg" alt="Image"></td><td><img src="MNIST/trainingSample/trainingSample\0/img_63.jpg" alt="Image"></td><td><img src="MNIST/trainingSample/trainingSample\0/img_69.jpg" alt="Image"></td><td><img src="MNIST/trainingSample/trainingSample\0/img_98.jpg" alt="Image"></td><td>Row Average</td></tr><tr><th scope="row"><img src="MNIST/trainingSample/trainingSample\0/img_1.jpg" alt="Image"></th>
<td>1.0</td><td>0.785</td><td>0.86</td><td>0.523</td><td>0.565</td><td>0.477</td><td>0.613</td><td>0.612</td><td>0.42</td><td>0.66</td><td>0.53</td><td>0.564</td><td>0.711</td><td>0.618</td><td>0.675</td><td>0.476</td><td>0.743</td><td>0.722</td><td>0.457</td><td>0.84</td><td>0.712</td><td>0.799</td><td>0.85</td><td>0.464</td><td>0.831</td><td>0.619</td><td>0.783</td><td>0.813</td><td>0.731</td><td>0.714</td><td>0.661</td><td>0.652</td><td>0.827</td><td>0.866</td><td>0.721</td><td>0.812</td><td>0.869</td><td>0.55</td><td>0.776</td><td>0.824</td><td>0.628</td><td>0.532</td><td>0.919</td><td>0.698</td><td>0.527</td><td>0.569</td><td>0.678</td><td>0.528</td><td>0.739</td><td>0.595</td><td>0.819</td><td>0.58</td><td>0.638</td><td>0.763</td><td>0.764</td><td>0.75</td><td>0.565</td><td>0.585</td><td>0.502</td><td>0.498</td><td>0.677</td></tr><tr><th scope="row"><img src="MNIST/trainingSample/trainingSample\0/img_108.jpg" alt="Image"></th>
<td>0.785</td><td>1.0</td><td>0.791</td><td>0.661</td><td>0.592</td><td>0.458</td><td>0.732</td><td>0.716</td><td>0.548</td><td>0.676</td><td>0.65</td><td>0.692</td><td>0.538</td><td>0.736</td><td>0.759</td><td>0.556</td><td>0.809</td><td>0.765</td><td>0.601</td><td>0.691</td><td>0.665</td><td>0.662</td><td>0.744</td><td>0.696</td><td>0.662</td><td>0.624</td><td>0.787</td><td>0.697</td><td>0.836</td><td>0.692</td><td>0.788</td><td>0.463</td><td>0.653</td><td>0.679</td><td>0.851</td><td>0.6</td><td>0.748</td><td>0.634</td><td>0.583</td><td>0.792</td><td>0.745</td><td>0.642</td><td>0.715</td><td>0.691</td><td>0.634</td><td>0.69</td><td>0.815</td><td>0.619</td><td>0.75</td><td>0.68</td><td>0.743</td><td>0.682</td><td>0.768</td><td>0.741</td><td>0.73</td><td>0.722</td><td>0.651</td><td>0.639</td><td>0.635</td><td>0.595</td><td>0.692</td></tr><tr><th scope="row"><img src="MNIST/trainingSample/trainingSample\0/img_110.jpg" alt="Image"></th>
<td>0.86</td><td>0.791</td><td>1.0</td><td>0.562</td><td>0.667</td><td>0.58</td><td>0.757</td><td>0.612</td><td>0.595</td><td>0.665</td><td>0.635</td><td>0.673</td><td>0.699</td><td>0.718</td><td>0.659</td><td>0.637</td><td>0.725</td><td>0.721</td><td>0.463</td><td>0.835</td><td>0.829</td><td>0.851</td><td>0.904</td><td>0.53</td><td>0.704</td><td>0.732</td><td>0.717</td><td>0.796</td><td>0.722</td><td>0.698</td><td>0.683</td><td>0.677</td><td>0.846</td><td>0.853</td><td>0.682</td><td>0.738</td><td>0.872</td><td>0.689</td><td>0.785</td><td>0.714</td><td>0.691</td><td>0.68</td><td>0.89</td><td>0.792</td><td>0.654</td><td>0.684</td><td>0.706</td><td>0.704</td><td>0.721</td><td>0.745</td><td>0.762</td><td>0.589</td><td>0.629</td><td>0.878</td><td>0.695</td><td>0.79</td><td>0.705</td><td>0.711</td><td>0.462</td><td>0.619</td><td>0.716</td></tr><tr><th scope="row"><img src="MNIST/trainingSample/trainingSample\0/img_111.jpg" alt="Image"></th>
<td>0.523</td><td>0.661</td><td>0.562</td><td>1.0</td><td>0.461</td><td>0.474</td><td>0.657</td><td>0.733</td><td>0.523</td><td>0.572</td><td>0.741</td><td>0.744</td><td>0.322</td><td>0.739</td><td>0.505</td><td>0.49</td><td>0.497</td><td>0.619</td><td>0.675</td><td>0.476</td><td>0.464</td><td>0.455</td><td>0.554</td><td>0.593</td><td>0.41</td><td>0.543</td><td>0.51</td><td>0.426</td><td>0.528</td><td>0.433</td><td>0.531</td><td>0.306</td><td>0.441</td><td>0.469</td><td>0.686</td><td>0.446</td><td>0.49</td><td>0.574</td><td>0.401</td><td>0.543</td><td>0.78</td><td>0.664</td><td>0.49</td><td>0.504</td><td>0.62</td><td>0.714</td><td>0.816</td><td>0.523</td><td>0.619</td><td>0.638</td><td>0.454</td><td>0.687</td><td>0.676</td><td>0.558</td><td>0.512</td><td>0.555</td><td>0.659</td><td>0.526</td><td>0.515</td><td>0.624</td><td>0.565</td></tr><tr><th scope="row"><img src="MNIST/trainingSample/trainingSample\0/img_114.jpg" alt="Image"></th>
<td>0.565</td><td>0.592</td><td>0.667</td><td>0.461</td><td>1.0</td><td>0.704</td><td>0.613</td><td>0.482</td><td>0.574</td><td>0.678</td><td>0.653</td><td>0.673</td><td>0.433</td><td>0.73</td><td>0.429</td><td>0.611</td><td>0.488</td><td>0.582</td><td>0.399</td><td>0.661</td><td>0.645</td><td>0.564</td><td>0.603</td><td>0.391</td><td>0.466</td><td>0.778</td><td>0.495</td><td>0.573</td><td>0.51</td><td>0.657</td><td>0.609</td><td>0.586</td><td>0.651</td><td>0.625</td><td>0.57</td><td>0.47</td><td>0.545</td><td>0.659</td><td>0.666</td><td>0.471</td><td>0.631</td><td>0.598</td><td>0.624</td><td>0.702</td><td>0.756</td><td>0.61</td><td>0.591</td><td>0.672</td><td>0.565</td><td>0.705</td><td>0.603</td><td>0.425</td><td>0.561</td><td>0.639</td><td>0.53</td><td>0.783</td><td>0.617</td><td>0.64</td><td>0.411</td><td>0.649</td><td>0.597</td></tr><tr><th scope="row"><img src="MNIST/trainingSample/trainingSample\0/img_129.jpg" alt="Image"></th>
<td>0.477</td><td>0.458</td><td>0.58</td><td>0.474</td><td>0.704</td><td>1.0</td><td>0.577</td><td>0.456</td><td>0.432</td><td>0.604</td><td>0.612</td><td>0.565</td><td>0.376</td><td>0.621</td><td>0.465</td><td>0.526</td><td>0.48</td><td>0.595</td><td>0.305</td><td>0.604</td><td>0.512</td><td>0.557</td><td>0.485</td><td>0.327</td><td>0.476</td><td>0.685</td><td>0.459</td><td>0.587</td><td>0.506</td><td>0.588</td><td>0.507</td><td>0.566</td><td>0.636</td><td>0.559</td><td>0.489</td><td>0.487</td><td>0.468</td><td>0.614</td><td>0.648</td><td>0.413</td><td>0.54</td><td>0.539</td><td>0.56</td><td>0.557</td><td>0.658</td><td>0.502</td><td>0.525</td><td>0.498</td><td>0.636</td><td>0.599</td><td>0.455</td><td>0.345</td><td>0.473</td><td>0.6</td><td>0.52</td><td>0.726</td><td>0.593</td><td>0.525</td><td>0.345</td><td>0.588</td><td>0.538</td></tr><tr><th scope="row"><img src="MNIST/trainingSample/trainingSample\0/img_141.jpg" alt="Image"></th>
<td>0.613</td><td>0.732</td><td>0.757</td><td>0.657</td><td>0.613</td><td>0.577</td><td>1.0</td><td>0.65</td><td>0.712</td><td>0.539</td><td>0.681</td><td>0.753</td><td>0.478</td><td>0.748</td><td>0.512</td><td>0.799</td><td>0.562</td><td>0.635</td><td>0.517</td><td>0.644</td><td>0.722</td><td>0.656</td><td>0.698</td><td>0.582</td><td>0.455</td><td>0.762</td><td>0.574</td><td>0.572</td><td>0.584</td><td>0.549</td><td>0.639</td><td>0.404</td><td>0.623</td><td>0.599</td><td>0.591</td><td>0.489</td><td>0.69</td><td>0.734</td><td>0.517</td><td>0.549</td><td>0.769</td><td>0.815</td><td>0.632</td><td>0.77</td><td>0.686</td><td>0.789</td><td>0.694</td><td>0.748</td><td>0.578</td><td>0.777</td><td>0.568</td><td>0.527</td><td>0.588</td><td>0.838</td><td>0.547</td><td>0.679</td><td>0.812</td><td>0.816</td><td>0.413</td><td>0.784</td><td>0.65</td></tr><tr><th scope="row"><img src="MNIST/trainingSample/trainingSample\0/img_146.jpg" alt="Image"></th>
<td>0.612</td><td>0.716</td><td>0.612</td><td>0.733</td><td>0.482</td><td>0.456</td><td>0.65</td><td>1.0</td><td>0.543</td><td>0.655</td><td>0.559</td><td>0.681</td><td>0.319</td><td>0.649</td><td>0.663</td><td>0.435</td><td>0.655</td><td>0.784</td><td>0.68</td><td>0.541</td><td>0.462</td><td>0.548</td><td>0.538</td><td>0.551</td><td>0.555</td><td>0.514</td><td>0.626</td><td>0.497</td><td>0.69</td><td>0.523</td><td>0.541</td><td>0.379</td><td>0.509</td><td>0.57</td><td>0.773</td><td>0.476</td><td>0.576</td><td>0.433</td><td>0.416</td><td>0.69</td><td>0.822</td><td>0.587</td><td>0.587</td><td>0.587</td><td>0.526</td><td>0.746</td><td>0.82</td><td>0.495</td><td>0.704</td><td>0.507</td><td>0.569</td><td>0.551</td><td>0.72</td><td>0.635</td><td>0.646</td><td>0.594</td><td>0.608</td><td>0.478</td><td>0.61</td><td>0.638</td><td>0.595</td></tr><tr><th scope="row"><img src="MNIST/trainingSample/trainingSample\0/img_149.jpg" alt="Image"></th>
<td>0.42</td><td>0.548</td><td>0.595</td><td>0.523</td><td>0.574</td><td>0.432</td><td>0.712</td><td>0.543</td><td>1.0</td><td>0.468</td><td>0.681</td><td>0.729</td><td>0.321</td><td>0.737</td><td>0.36</td><td>0.626</td><td>0.383</td><td>0.464</td><td>0.464</td><td>0.452</td><td>0.561</td><td>0.517</td><td>0.493</td><td>0.474</td><td>0.325</td><td>0.584</td><td>0.381</td><td>0.402</td><td>0.409</td><td>0.39</td><td>0.404</td><td>0.324</td><td>0.47</td><td>0.446</td><td>0.419</td><td>0.33</td><td>0.471</td><td>0.693</td><td>0.372</td><td>0.386</td><td>0.66</td><td>0.817</td><td>0.445</td><td>0.652</td><td>0.712</td><td>0.752</td><td>0.541</td><td>0.773</td><td>0.359</td><td>0.751</td><td>0.386</td><td>0.407</td><td>0.438</td><td>0.614</td><td>0.352</td><td>0.499</td><td>0.628</td><td>0.65</td><td>0.288</td><td>0.704</td><td>0.522</td></tr><tr><th scope="row"><img src="MNIST/trainingSample/trainingSample\0/img_153.jpg" alt="Image"></th>
<td>0.66</td><td>0.676</td><td>0.665</td><td>0.572</td><td>0.678</td><td>0.604</td><td>0.539</td><td>0.655</td><td>0.468</td><td>1.0</td><td>0.736</td><td>0.696</td><td>0.362</td><td>0.775</td><td>0.554</td><td>0.413</td><td>0.588</td><td>0.778</td><td>0.434</td><td>0.604</td><td>0.579</td><td>0.597</td><td>0.628</td><td>0.437</td><td>0.617</td><td>0.587</td><td>0.69</td><td>0.582</td><td>0.65</td><td>0.687</td><td>0.581</td><td>0.563</td><td>0.615</td><td>0.681</td><td>0.783</td><td>0.537</td><td>0.556</td><td>0.632</td><td>0.615</td><td>0.615</td><td>0.721</td><td>0.568</td><td>0.677</td><td>0.533</td><td>0.702</td><td>0.616</td><td>0.734</td><td>0.515</td><td>0.804</td><td>0.649</td><td>0.676</td><td>0.493</td><td>0.785</td><td>0.586</td><td>0.735</td><td>0.808</td><td>0.538</td><td>0.475</td><td>0.524</td><td>0.491</td><td>0.622</td></tr><tr><th scope="row"><img src="MNIST/trainingSample/trainingSample\0/img_157.jpg" alt="Image"></th>
<td>0.53</td><td>0.65</td><td>0.635</td><td>0.741</td><td>0.653</td><td>0.612</td><td>0.681</td><td>0.559</td><td>0.681</td><td>0.736</td><td>1.0</td><td>0.913</td><td>0.359</td><td>0.896</td><td>0.414</td><td>0.53</td><td>0.457</td><td>0.585</td><td>0.527</td><td>0.501</td><td>0.585</td><td>0.499</td><td>0.599</td><td>0.525</td><td>0.416</td><td>0.651</td><td>0.516</td><td>0.461</td><td>0.489</td><td>0.574</td><td>0.55</td><td>0.374</td><td>0.542</td><td>0.53</td><td>0.641</td><td>0.424</td><td>0.493</td><td>0.844</td><td>0.526</td><td>0.473</td><td>0.791</td><td>0.77</td><td>0.532</td><td>0.564</td><td>0.897</td><td>0.751</td><td>0.722</td><td>0.676</td><td>0.605</td><td>0.838</td><td>0.505</td><td>0.531</td><td>0.715</td><td>0.582</td><td>0.51</td><td>0.679</td><td>0.69</td><td>0.597</td><td>0.445</td><td>0.648</td><td>0.607</td></tr><tr><th scope="row"><img src="MNIST/trainingSample/trainingSample\0/img_17.jpg" alt="Image"></th>
<td>0.564</td><td>0.692</td><td>0.673</td><td>0.744</td><td>0.673</td><td>0.565</td><td>0.753</td><td>0.681</td><td>0.729</td><td>0.696</td><td>0.913</td><td>1.0</td><td>0.369</td><td>0.902</td><td>0.44</td><td>0.613</td><td>0.491</td><td>0.603</td><td>0.582</td><td>0.563</td><td>0.57</td><td>0.532</td><td>0.62</td><td>0.513</td><td>0.448</td><td>0.682</td><td>0.512</td><td>0.485</td><td>0.521</td><td>0.558</td><td>0.544</td><td>0.356</td><td>0.572</td><td>0.562</td><td>0.64</td><td>0.43</td><td>0.544</td><td>0.792</td><td>0.506</td><td>0.518</td><td>0.886</td><td>0.817</td><td>0.561</td><td>0.655</td><td>0.873</td><td>0.829</td><td>0.748</td><td>0.745</td><td>0.575</td><td>0.825</td><td>0.544</td><td>0.517</td><td>0.689</td><td>0.648</td><td>0.538</td><td>0.671</td><td>0.773</td><td>0.662</td><td>0.429</td><td>0.748</td><td>0.631</td></tr><tr><th scope="row"><img src="MNIST/trainingSample/trainingSample\0/img_183.jpg" alt="Image"></th>
<td>0.711</td><td>0.538</td><td>0.699</td><td>0.322</td><td>0.433</td><td>0.376</td><td>0.478</td><td>0.319</td><td>0.321</td><td>0.362</td><td>0.359</td><td>0.369</td><td>1.0</td><td>0.392</td><td>0.393</td><td>0.376</td><td>0.475</td><td>0.4</td><td>0.292</td><td>0.741</td><td>0.552</td><td>0.689</td><td>0.697</td><td>0.351</td><td>0.564</td><td>0.5</td><td>0.465</td><td>0.675</td><td>0.429</td><td>0.425</td><td>0.524</td><td>0.522</td><td>0.745</td><td>0.694</td><td>0.416</td><td>0.615</td><td>0.758</td><td>0.388</td><td>0.675</td><td>0.508</td><td>0.373</td><td>0.351</td><td>0.731</td><td>0.541</td><td>0.35</td><td>0.362</td><td>0.416</td><td>0.378</td><td>0.399</td><td>0.42</td><td>0.52</td><td>0.331</td><td>0.363</td><td>0.709</td><td>0.422</td><td>0.537</td><td>0.461</td><td>0.458</td><td>0.283</td><td>0.366</td><td>0.489</td></tr><tr><th scope="row"><img src="MNIST/trainingSample/trainingSample\0/img_188.jpg" alt="Image"></th>
<td>0.618</td><td>0.736</td><td>0.718</td><td>0.739</td><td>0.73</td><td>0.621</td><td>0.748</td><td>0.649</td><td>0.737</td><td>0.775</td><td>0.896</td><td>0.902</td><td>0.392</td><td>1.0</td><td>0.484</td><td>0.628</td><td>0.52</td><td>0.667</td><td>0.556</td><td>0.608</td><td>0.669</td><td>0.603</td><td>0.669</td><td>0.519</td><td>0.505</td><td>0.702</td><td>0.616</td><td>0.565</td><td>0.57</td><td>0.652</td><td>0.599</td><td>0.463</td><td>0.62</td><td>0.626</td><td>0.716</td><td>0.507</td><td>0.571</td><td>0.849</td><td>0.567</td><td>0.555</td><td>0.843</td><td>0.827</td><td>0.633</td><td>0.681</td><td>0.903</td><td>0.807</td><td>0.782</td><td>0.768</td><td>0.67</td><td>0.887</td><td>0.627</td><td>0.598</td><td>0.739</td><td>0.663</td><td>0.61</td><td>0.764</td><td>0.759</td><td>0.693</td><td>0.447</td><td>0.715</td><td>0.671</td></tr><tr><th scope="row"><img src="MNIST/trainingSample/trainingSample\0/img_193.jpg" alt="Image"></th>
<td>0.675</td><td>0.759</td><td>0.659</td><td>0.505</td><td>0.429</td><td>0.465</td><td>0.512</td><td>0.663</td><td>0.36</td><td>0.554</td><td>0.414</td><td>0.44</td><td>0.393</td><td>0.484</td><td>1.0</td><td>0.358</td><td>0.865</td><td>0.73</td><td>0.489</td><td>0.563</td><td>0.491</td><td>0.568</td><td>0.55</td><td>0.547</td><td>0.664</td><td>0.401</td><td>0.707</td><td>0.665</td><td>0.844</td><td>0.587</td><td>0.576</td><td>0.481</td><td>0.544</td><td>0.6</td><td>0.743</td><td>0.545</td><td>0.627</td><td>0.419</td><td>0.485</td><td>0.818</td><td>0.556</td><td>0.451</td><td>0.657</td><td>0.47</td><td>0.389</td><td>0.525</td><td>0.717</td><td>0.356</td><td>0.771</td><td>0.428</td><td>0.603</td><td>0.644</td><td>0.564</td><td>0.577</td><td>0.683</td><td>0.577</td><td>0.436</td><td>0.384</td><td>0.537</td><td>0.418</td><td>0.565</td></tr><tr><th scope="row"><img src="MNIST/trainingSample/trainingSample\0/img_195.jpg" alt="Image"></th>
<td>0.476</td><td>0.556</td><td>0.637</td><td>0.49</td><td>0.611</td><td>0.526</td><td>0.799</td><td>0.435</td><td>0.626</td><td>0.413</td><td>0.53</td><td>0.613</td><td>0.376</td><td>0.628</td><td>0.358</td><td>1.0</td><td>0.409</td><td>0.466</td><td>0.334</td><td>0.55</td><td>0.598</td><td>0.522</td><td>0.599</td><td>0.372</td><td>0.329</td><td>0.726</td><td>0.459</td><td>0.458</td><td>0.426</td><td>0.444</td><td>0.531</td><td>0.413</td><td>0.561</td><td>0.478</td><td>0.413</td><td>0.383</td><td>0.539</td><td>0.65</td><td>0.449</td><td>0.398</td><td>0.613</td><td>0.755</td><td>0.493</td><td>0.723</td><td>0.583</td><td>0.638</td><td>0.514</td><td>0.768</td><td>0.408</td><td>0.706</td><td>0.445</td><td>0.391</td><td>0.426</td><td>0.683</td><td>0.393</td><td>0.586</td><td>0.726</td><td>0.867</td><td>0.289</td><td>0.733</td><td>0.539</td></tr><tr><th scope="row"><img src="MNIST/trainingSample/trainingSample\0/img_196.jpg" alt="Image"></th>
<td>0.743</td><td>0.809</td><td>0.725</td><td>0.497</td><td>0.488</td><td>0.48</td><td>0.562</td><td>0.655</td><td>0.383</td><td>0.588</td><td>0.457</td><td>0.491</td><td>0.475</td><td>0.52</td><td>0.865</td><td>0.409</td><td>1.0</td><td>0.764</td><td>0.534</td><td>0.611</td><td>0.542</td><td>0.624</td><td>0.632</td><td>0.626</td><td>0.625</td><td>0.485</td><td>0.75</td><td>0.636</td><td>0.895</td><td>0.637</td><td>0.718</td><td>0.499</td><td>0.614</td><td>0.647</td><td>0.753</td><td>0.576</td><td>0.714</td><td>0.474</td><td>0.564</td><td>0.794</td><td>0.579</td><td>0.482</td><td>0.701</td><td>0.545</td><td>0.447</td><td>0.566</td><td>0.735</td><td>0.422</td><td>0.785</td><td>0.481</td><td>0.64</td><td>0.623</td><td>0.615</td><td>0.663</td><td>0.695</td><td>0.632</td><td>0.458</td><td>0.465</td><td>0.645</td><td>0.434</td><td>0.608</td></tr><tr><th scope="row"><img src="MNIST/trainingSample/trainingSample\0/img_200.jpg" alt="Image"></th>
<td>0.722</td><td>0.765</td><td>0.721</td><td>0.619</td><td>0.582</td><td>0.595</td><td>0.635</td><td>0.784</td><td>0.464</td><td>0.778</td><td>0.585</td><td>0.603</td><td>0.4</td><td>0.667</td><td>0.73</td><td>0.466</td><td>0.764</td><td>1.0</td><td>0.523</td><td>0.663</td><td>0.61</td><td>0.688</td><td>0.638</td><td>0.539</td><td>0.675</td><td>0.592</td><td>0.772</td><td>0.649</td><td>0.832</td><td>0.737</td><td>0.696</td><td>0.537</td><td>0.627</td><td>0.685</td><td>0.808</td><td>0.608</td><td>0.676</td><td>0.536</td><td>0.586</td><td>0.727</td><td>0.719</td><td>0.588</td><td>0.72</td><td>0.609</td><td>0.562</td><td>0.651</td><td>0.814</td><td>0.487</td><td>0.847</td><td>0.55</td><td>0.718</td><td>0.62</td><td>0.766</td><td>0.704</td><td>0.768</td><td>0.767</td><td>0.592</td><td>0.538</td><td>0.579</td><td>0.569</td><td>0.658</td></tr><tr><th scope="row"><img src="MNIST/trainingSample/trainingSample\0/img_201.jpg" alt="Image"></th>
<td>0.457</td><td>0.601</td><td>0.463</td><td>0.675</td><td>0.399</td><td>0.305</td><td>0.517</td><td>0.68</td><td>0.464</td><td>0.434</td><td>0.527</td><td>0.582</td><td>0.292</td><td>0.556</td><td>0.489</td><td>0.334</td><td>0.534</td><td>0.523</td><td>1.0</td><td>0.411</td><td>0.384</td><td>0.415</td><td>0.438</td><td>0.728</td><td>0.338</td><td>0.476</td><td>0.437</td><td>0.368</td><td>0.506</td><td>0.362</td><td>0.45</td><td>0.293</td><td>0.412</td><td>0.393</td><td>0.556</td><td>0.347</td><td>0.468</td><td>0.422</td><td>0.359</td><td>0.482</td><td>0.6</td><td>0.449</td><td>0.424</td><td>0.497</td><td>0.459</td><td>0.629</td><td>0.731</td><td>0.406</td><td>0.496</td><td>0.469</td><td>0.34</td><td>0.593</td><td>0.51</td><td>0.482</td><td>0.349</td><td>0.421</td><td>0.466</td><td>0.405</td><td>0.639</td><td>0.462</td><td>0.478</td></tr><tr><th scope="row"><img src="MNIST/trainingSample/trainingSample\0/img_203.jpg" alt="Image"></th>
<td>0.84</td><td>0.691</td><td>0.835</td><td>0.476</td><td>0.661</td><td>0.604</td><td>0.644</td><td>0.541</td><td>0.452</td><td>0.604</td><td>0.501</td><td>0.563</td><td>0.741</td><td>0.608</td><td>0.563</td><td>0.55</td><td>0.611</td><td>0.663</td><td>0.411</td><td>1.0</td><td>0.714</td><td>0.849</td><td>0.777</td><td>0.384</td><td>0.747</td><td>0.755</td><td>0.649</td><td>0.865</td><td>0.631</td><td>0.689</td><td>0.602</td><td>0.73</td><td>0.881</td><td>0.832</td><td>0.596</td><td>0.758</td><td>0.807</td><td>0.555</td><td>0.858</td><td>0.673</td><td>0.589</td><td>0.531</td><td>0.874</td><td>0.787</td><td>0.531</td><td>0.536</td><td>0.605</td><td>0.577</td><td>0.638</td><td>0.617</td><td>0.762</td><td>0.477</td><td>0.55</td><td>0.832</td><td>0.667</td><td>0.817</td><td>0.595</td><td>0.662</td><td>0.384</td><td>0.561</td><td>0.658</td></tr><tr><th scope="row"><img src="MNIST/trainingSample/trainingSample\0/img_204.jpg" alt="Image"></th>
<td>0.712</td><td>0.665</td><td>0.829</td><td>0.464</td><td>0.645</td><td>0.512</td><td>0.722</td><td>0.462</td><td>0.561</td><td>0.579</td><td>0.585</td><td>0.57</td><td>0.552</td><td>0.669</td><td>0.491</td><td>0.598</td><td>0.542</td><td>0.61</td><td>0.384</td><td>0.714</td><td>1.0</td><td>0.745</td><td>0.794</td><td>0.472</td><td>0.539</td><td>0.753</td><td>0.614</td><td>0.681</td><td>0.532</td><td>0.658</td><td>0.679</td><td>0.599</td><td>0.737</td><td>0.731</td><td>0.547</td><td>0.588</td><td>0.715</td><td>0.708</td><td>0.686</td><td>0.511</td><td>0.575</td><td>0.624</td><td>0.754</td><td>0.746</td><td>0.621</td><td>0.599</td><td>0.597</td><td>0.692</td><td>0.579</td><td>0.752</td><td>0.677</td><td>0.494</td><td>0.525</td><td>0.769</td><td>0.56</td><td>0.758</td><td>0.674</td><td>0.717</td><td>0.38</td><td>0.589</td><td>0.631</td></tr><tr><th scope="row"><img src="MNIST/trainingSample/trainingSample\0/img_23.jpg" alt="Image"></th>
<td>0.799</td><td>0.662</td><td>0.851</td><td>0.455</td><td>0.564</td><td>0.557</td><td>0.656</td><td>0.548</td><td>0.517</td><td>0.597</td><td>0.499</td><td>0.532</td><td>0.689</td><td>0.603</td><td>0.568</td><td>0.522</td><td>0.624</td><td>0.688</td><td>0.415</td><td>0.849</td><td>0.745</td><td>1.0</td><td>0.791</td><td>0.454</td><td>0.71</td><td>0.664</td><td>0.659</td><td>0.844</td><td>0.632</td><td>0.639</td><td>0.558</td><td>0.726</td><td>0.866</td><td>0.853</td><td>0.574</td><td>0.813</td><td>0.784</td><td>0.57</td><td>0.808</td><td>0.632</td><td>0.567</td><td>0.584</td><td>0.878</td><td>0.743</td><td>0.511</td><td>0.57</td><td>0.602</td><td>0.562</td><td>0.638</td><td>0.612</td><td>0.711</td><td>0.502</td><td>0.502</td><td>0.851</td><td>0.631</td><td>0.746</td><td>0.57</td><td>0.62</td><td>0.375</td><td>0.529</td><td>0.647</td></tr><tr><th scope="row"><img src="MNIST/trainingSample/trainingSample\0/img_248.jpg" alt="Image"></th>
<td>0.85</td><td>0.744</td><td>0.904</td><td>0.554</td><td>0.603</td><td>0.485</td><td>0.698</td><td>0.538</td><td>0.493</td><td>0.628</td><td>0.599</td><td>0.62</td><td>0.697</td><td>0.669</td><td>0.55</td><td>0.599</td><td>0.632</td><td>0.638</td><td>0.438</td><td>0.777</td><td>0.794</td><td>0.791</td><td>1.0</td><td>0.466</td><td>0.66</td><td>0.7</td><td>0.711</td><td>0.747</td><td>0.623</td><td>0.678</td><td>0.691</td><td>0.679</td><td>0.823</td><td>0.829</td><td>0.66</td><td>0.734</td><td>0.819</td><td>0.678</td><td>0.773</td><td>0.659</td><td>0.624</td><td>0.598</td><td>0.851</td><td>0.741</td><td>0.597</td><td>0.585</td><td>0.641</td><td>0.646</td><td>0.666</td><td>0.711</td><td>0.746</td><td>0.56</td><td>0.613</td><td>0.804</td><td>0.658</td><td>0.751</td><td>0.653</td><td>0.681</td><td>0.46</td><td>0.541</td><td>0.673</td></tr><tr><th scope="row"><img src="MNIST/trainingSample/trainingSample\0/img_251.jpg" alt="Image"></th>
<td>0.464</td><td>0.696</td><td>0.53</td><td>0.593</td><td>0.391</td><td>0.327</td><td>0.582</td><td>0.551</td><td>0.474</td><td>0.437</td><td>0.525</td><td>0.513</td><td>0.351</td><td>0.519</td><td>0.547</td><td>0.372</td><td>0.626</td><td>0.539</td><td>0.728</td><td>0.384</td><td>0.472</td><td>0.454</td><td>0.466</td><td>1.0</td><td>0.331</td><td>0.441</td><td>0.488</td><td>0.385</td><td>0.586</td><td>0.364</td><td>0.557</td><td>0.275</td><td>0.383</td><td>0.398</td><td>0.577</td><td>0.337</td><td>0.523</td><td>0.47</td><td>0.342</td><td>0.478</td><td>0.508</td><td>0.497</td><td>0.417</td><td>0.472</td><td>0.418</td><td>0.611</td><td>0.686</td><td>0.376</td><td>0.521</td><td>0.478</td><td>0.341</td><td>0.607</td><td>0.509</td><td>0.573</td><td>0.346</td><td>0.427</td><td>0.44</td><td>0.409</td><td>0.65</td><td>0.404</td><td>0.486</td></tr><tr><th scope="row"><img src="MNIST/trainingSample/trainingSample\0/img_260.jpg" alt="Image"></th>
<td>0.831</td><td>0.662</td><td>0.704</td><td>0.41</td><td>0.466</td><td>0.476</td><td>0.455</td><td>0.555</td><td>0.325</td><td>0.617</td><td>0.416</td><td>0.448</td><td>0.564</td><td>0.505</td><td>0.664</td><td>0.329</td><td>0.625</td><td>0.675</td><td>0.338</td><td>0.747</td><td>0.539</td><td>0.71</td><td>0.66</td><td>0.331</td><td>1.0</td><td>0.451</td><td>0.682</td><td>0.845</td><td>0.657</td><td>0.641</td><td>0.464</td><td>0.624</td><td>0.717</td><td>0.782</td><td>0.605</td><td>0.805</td><td>0.733</td><td>0.406</td><td>0.653</td><td>0.825</td><td>0.535</td><td>0.425</td><td>0.81</td><td>0.556</td><td>0.404</td><td>0.46</td><td>0.555</td><td>0.371</td><td>0.695</td><td>0.423</td><td>0.754</td><td>0.469</td><td>0.515</td><td>0.621</td><td>0.736</td><td>0.657</td><td>0.444</td><td>0.379</td><td>0.349</td><td>0.402</td><td>0.575</td></tr><tr><th scope="row"><img src="MNIST/trainingSample/trainingSample\0/img_264.jpg" alt="Image"></th>
<td>0.619</td><td>0.624</td><td>0.732</td><td>0.543</td><td>0.778</td><td>0.685</td><td>0.762</td><td>0.514</td><td>0.584</td><td>0.587</td><td>0.651</td><td>0.682</td><td>0.5</td><td>0.702</td><td>0.401</td><td>0.726</td><td>0.485</td><td>0.592</td><td>0.476</td><td>0.755</td><td>0.753</td><td>0.664</td><td>0.7</td><td>0.441</td><td>0.451</td><td>1.0</td><td>0.538</td><td>0.63</td><td>0.492</td><td>0.677</td><td>0.644</td><td>0.583</td><td>0.744</td><td>0.664</td><td>0.522</td><td>0.507</td><td>0.632</td><td>0.713</td><td>0.732</td><td>0.45</td><td>0.666</td><td>0.644</td><td>0.66</td><td>0.818</td><td>0.712</td><td>0.638</td><td>0.615</td><td>0.74</td><td>0.568</td><td>0.768</td><td>0.624</td><td>0.422</td><td>0.553</td><td>0.761</td><td>0.539</td><td>0.816</td><td>0.712</td><td>0.812</td><td>0.409</td><td>0.699</td><td>0.635</td></tr><tr><th scope="row"><img src="MNIST/trainingSample/trainingSample\0/img_267.jpg" alt="Image"></th>
<td>0.783</td><td>0.787</td><td>0.717</td><td>0.51</td><td>0.495</td><td>0.459</td><td>0.574</td><td>0.626</td><td>0.381</td><td>0.69</td><td>0.516</td><td>0.512</td><td>0.465</td><td>0.616</td><td>0.707</td><td>0.459</td><td>0.75</td><td>0.772</td><td>0.437</td><td>0.649</td><td>0.614</td><td>0.659</td><td>0.711</td><td>0.488</td><td>0.682</td><td>0.538</td><td>1.0</td><td>0.665</td><td>0.786</td><td>0.704</td><td>0.648</td><td>0.541</td><td>0.631</td><td>0.692</td><td>0.804</td><td>0.672</td><td>0.671</td><td>0.541</td><td>0.576</td><td>0.807</td><td>0.62</td><td>0.539</td><td>0.724</td><td>0.566</td><td>0.509</td><td>0.544</td><td>0.735</td><td>0.442</td><td>0.764</td><td>0.57</td><td>0.729</td><td>0.6</td><td>0.667</td><td>0.631</td><td>0.706</td><td>0.694</td><td>0.503</td><td>0.556</td><td>0.628</td><td>0.4</td><td>0.624</td></tr><tr><th scope="row"><img src="MNIST/trainingSample/trainingSample\0/img_272.jpg" alt="Image"></th>
<td>0.813</td><td>0.697</td><td>0.796</td><td>0.426</td><td>0.573</td><td>0.587</td><td>0.572</td><td>0.497</td><td>0.402</td><td>0.582</td><td>0.461</td><td>0.485</td><td>0.675</td><td>0.565</td><td>0.665</td><td>0.458</td><td>0.636</td><td>0.649</td><td>0.368</td><td>0.865</td><td>0.681</td><td>0.844</td><td>0.747</td><td>0.385</td><td>0.845</td><td>0.63</td><td>0.665</td><td>1.0</td><td>0.649</td><td>0.701</td><td>0.562</td><td>0.743</td><td>0.845</td><td>0.848</td><td>0.598</td><td>0.841</td><td>0.752</td><td>0.533</td><td>0.805</td><td>0.721</td><td>0.523</td><td>0.483</td><td>0.865</td><td>0.684</td><td>0.474</td><td>0.47</td><td>0.577</td><td>0.496</td><td>0.679</td><td>0.559</td><td>0.778</td><td>0.513</td><td>0.515</td><td>0.743</td><td>0.703</td><td>0.782</td><td>0.514</td><td>0.549</td><td>0.35</td><td>0.495</td><td>0.632</td></tr><tr><th scope="row"><img src="MNIST/trainingSample/trainingSample\0/img_273.jpg" alt="Image"></th>
<td>0.731</td><td>0.836</td><td>0.722</td><td>0.528</td><td>0.51</td><td>0.506</td><td>0.584</td><td>0.69</td><td>0.409</td><td>0.65</td><td>0.489</td><td>0.521</td><td>0.429</td><td>0.57</td><td>0.844</td><td>0.426</td><td>0.895</td><td>0.832</td><td>0.506</td><td>0.631</td><td>0.532</td><td>0.632</td><td>0.623</td><td>0.586</td><td>0.657</td><td>0.492</td><td>0.786</td><td>0.649</td><td>1.0</td><td>0.629</td><td>0.685</td><td>0.483</td><td>0.578</td><td>0.626</td><td>0.799</td><td>0.574</td><td>0.699</td><td>0.494</td><td>0.541</td><td>0.821</td><td>0.626</td><td>0.528</td><td>0.684</td><td>0.557</td><td>0.493</td><td>0.586</td><td>0.748</td><td>0.452</td><td>0.806</td><td>0.506</td><td>0.645</td><td>0.587</td><td>0.667</td><td>0.676</td><td>0.685</td><td>0.641</td><td>0.5</td><td>0.5</td><td>0.62</td><td>0.454</td><td>0.619</td></tr><tr><th scope="row"><img src="MNIST/trainingSample/trainingSample\0/img_276.jpg" alt="Image"></th>
<td>0.714</td><td>0.692</td><td>0.698</td><td>0.433</td><td>0.657</td><td>0.588</td><td>0.549</td><td>0.523</td><td>0.39</td><td>0.687</td><td>0.574</td><td>0.558</td><td>0.425</td><td>0.652</td><td>0.587</td><td>0.444</td><td>0.637</td><td>0.737</td><td>0.362</td><td>0.689</td><td>0.658</td><td>0.639</td><td>0.678</td><td>0.364</td><td>0.641</td><td>0.677</td><td>0.704</td><td>0.701</td><td>0.629</td><td>1.0</td><td>0.725</td><td>0.663</td><td>0.736</td><td>0.708</td><td>0.7</td><td>0.621</td><td>0.636</td><td>0.652</td><td>0.761</td><td>0.633</td><td>0.584</td><td>0.464</td><td>0.726</td><td>0.664</td><td>0.629</td><td>0.502</td><td>0.626</td><td>0.537</td><td>0.764</td><td>0.61</td><td>0.859</td><td>0.606</td><td>0.71</td><td>0.618</td><td>0.782</td><td>0.844</td><td>0.485</td><td>0.548</td><td>0.448</td><td>0.501</td><td>0.627</td></tr><tr><th scope="row"><img src="MNIST/trainingSample/trainingSample\0/img_279.jpg" alt="Image"></th>
<td>0.661</td><td>0.788</td><td>0.683</td><td>0.531</td><td>0.609</td><td>0.507</td><td>0.639</td><td>0.541</td><td>0.404</td><td>0.581</td><td>0.55</td><td>0.544</td><td>0.524</td><td>0.599</td><td>0.576</td><td>0.531</td><td>0.718</td><td>0.696</td><td>0.45</td><td>0.602</td><td>0.679</td><td>0.558</td><td>0.691</td><td>0.557</td><td>0.464</td><td>0.644</td><td>0.648</td><td>0.562</td><td>0.685</td><td>0.725</td><td>1.0</td><td>0.466</td><td>0.621</td><td>0.588</td><td>0.73</td><td>0.482</td><td>0.664</td><td>0.587</td><td>0.589</td><td>0.569</td><td>0.562</td><td>0.477</td><td>0.635</td><td>0.617</td><td>0.582</td><td>0.496</td><td>0.676</td><td>0.548</td><td>0.656</td><td>0.606</td><td>0.669</td><td>0.582</td><td>0.715</td><td>0.674</td><td>0.666</td><td>0.734</td><td>0.617</td><td>0.595</td><td>0.592</td><td>0.555</td><td>0.608</td></tr><tr><th scope="row"><img src="MNIST/trainingSample/trainingSample\0/img_285.jpg" alt="Image"></th>
<td>0.652</td><td>0.463</td><td>0.677</td><td>0.306</td><td>0.586</td><td>0.566</td><td>0.404</td><td>0.379</td><td>0.324</td><td>0.563</td><td>0.374</td><td>0.356</td><td>0.522</td><td>0.463</td><td>0.481</td><td>0.413</td><td>0.499</td><td>0.537</td><td>0.293</td><td>0.73</td><td>0.599</td><td>0.726</td><td>0.679</td><td>0.275</td><td>0.624</td><td>0.583</td><td>0.541</td><td>0.743</td><td>0.483</td><td>0.663</td><td>0.466</td><td>1.0</td><td>0.784</td><td>0.776</td><td>0.493</td><td>0.674</td><td>0.616</td><td>0.481</td><td>0.828</td><td>0.522</td><td>0.372</td><td>0.378</td><td>0.769</td><td>0.658</td><td>0.37</td><td>0.359</td><td>0.459</td><td>0.437</td><td>0.58</td><td>0.479</td><td>0.668</td><td>0.452</td><td>0.434</td><td>0.64</td><td>0.575</td><td>0.702</td><td>0.348</td><td>0.451</td><td>0.355</td><td>0.393</td><td>0.534</td></tr><tr><th scope="row"><img src="MNIST/trainingSample/trainingSample\0/img_286.jpg" alt="Image"></th>
<td>0.827</td><td>0.653</td><td>0.846</td><td>0.441</td><td>0.651</td><td>0.636</td><td>0.623</td><td>0.509</td><td>0.47</td><td>0.615</td><td>0.542</td><td>0.572</td><td>0.745</td><td>0.62</td><td>0.544</td><td>0.561</td><td>0.614</td><td>0.627</td><td>0.412</td><td>0.881</td><td>0.737</td><td>0.866</td><td>0.823</td><td>0.383</td><td>0.717</td><td>0.744</td><td>0.631</td><td>0.845</td><td>0.578</td><td>0.736</td><td>0.621</td><td>0.784</td><td>1.0</td><td>0.881</td><td>0.578</td><td>0.795</td><td>0.784</td><td>0.625</td><td>0.918</td><td>0.619</td><td>0.569</td><td>0.531</td><td>0.9</td><td>0.778</td><td>0.573</td><td>0.532</td><td>0.578</td><td>0.612</td><td>0.649</td><td>0.647</td><td>0.733</td><td>0.477</td><td>0.55</td><td>0.805</td><td>0.667</td><td>0.806</td><td>0.576</td><td>0.659</td><td>0.403</td><td>0.567</td><td>0.661</td></tr><tr><th scope="row"><img src="MNIST/trainingSample/trainingSample\0/img_288.jpg" alt="Image"></th>
<td>0.866</td><td>0.679</td><td>0.853</td><td>0.469</td><td>0.625</td><td>0.559</td><td>0.599</td><td>0.57</td><td>0.446</td><td>0.681</td><td>0.53</td><td>0.562</td><td>0.694</td><td>0.626</td><td>0.6</td><td>0.478</td><td>0.647</td><td>0.685</td><td>0.393</td><td>0.832</td><td>0.731</td><td>0.853</td><td>0.829</td><td>0.398</td><td>0.782</td><td>0.664</td><td>0.692</td><td>0.848</td><td>0.626</td><td>0.708</td><td>0.588</td><td>0.776</td><td>0.881</td><td>1.0</td><td>0.654</td><td>0.825</td><td>0.794</td><td>0.578</td><td>0.843</td><td>0.692</td><td>0.608</td><td>0.54</td><td>0.941</td><td>0.715</td><td>0.541</td><td>0.547</td><td>0.62</td><td>0.552</td><td>0.7</td><td>0.611</td><td>0.781</td><td>0.512</td><td>0.592</td><td>0.785</td><td>0.736</td><td>0.791</td><td>0.57</td><td>0.56</td><td>0.444</td><td>0.518</td><td>0.664</td></tr><tr><th scope="row"><img src="MNIST/trainingSample/trainingSample\0/img_292.jpg" alt="Image"></th>
<td>0.721</td><td>0.851</td><td>0.682</td><td>0.686</td><td>0.57</td><td>0.489</td><td>0.591</td><td>0.773</td><td>0.419</td><td>0.783</td><td>0.641</td><td>0.64</td><td>0.416</td><td>0.716</td><td>0.743</td><td>0.413</td><td>0.753</td><td>0.808</td><td>0.556</td><td>0.596</td><td>0.547</td><td>0.574</td><td>0.66</td><td>0.577</td><td>0.605</td><td>0.522</td><td>0.804</td><td>0.598</td><td>0.799</td><td>0.7</td><td>0.73</td><td>0.493</td><td>0.578</td><td>0.654</td><td>1.0</td><td>0.562</td><td>0.599</td><td>0.545</td><td>0.541</td><td>0.769</td><td>0.737</td><td>0.533</td><td>0.664</td><td>0.533</td><td>0.584</td><td>0.613</td><td>0.849</td><td>0.486</td><td>0.837</td><td>0.604</td><td>0.723</td><td>0.704</td><td>0.898</td><td>0.613</td><td>0.785</td><td>0.725</td><td>0.546</td><td>0.48</td><td>0.684</td><td>0.491</td><td>0.647</td></tr><tr><th scope="row"><img src="MNIST/trainingSample/trainingSample\0/img_322.jpg" alt="Image"></th>
<td>0.812</td><td>0.6</td><td>0.738</td><td>0.446</td><td>0.47</td><td>0.487</td><td>0.489</td><td>0.476</td><td>0.33</td><td>0.537</td><td>0.424</td><td>0.43</td><td>0.615</td><td>0.507</td><td>0.545</td><td>0.383</td><td>0.576</td><td>0.608</td><td>0.347</td><td>0.758</td><td>0.588</td><td>0.813</td><td>0.734</td><td>0.337</td><td>0.805</td><td>0.507</td><td>0.672</td><td>0.841</td><td>0.574</td><td>0.621</td><td>0.482</td><td>0.674</td><td>0.795</td><td>0.825</td><td>0.562</td><td>1.0</td><td>0.735</td><td>0.454</td><td>0.76</td><td>0.684</td><td>0.491</td><td>0.449</td><td>0.83</td><td>0.594</td><td>0.413</td><td>0.436</td><td>0.518</td><td>0.403</td><td>0.636</td><td>0.477</td><td>0.72</td><td>0.494</td><td>0.469</td><td>0.676</td><td>0.653</td><td>0.653</td><td>0.467</td><td>0.445</td><td>0.366</td><td>0.405</td><td>0.577</td></tr><tr><th scope="row"><img src="MNIST/trainingSample/trainingSample\0/img_327.jpg" alt="Image"></th>
